250 0 0 500
250 0 500 500
0 500 500 500
250 0 125 250
250 0 375 250
125 250 375 250
250 0 187 125
250 0 312 125
187 125 312 125
250 0 218 62
250 0 281 62
218 62 281 62
250 0 234 31
250 0 265 31
234 31 265 31
265 31 249 62
265 31 281 62
249 62 281 62
234 31 218 62
234 31 249 62
218 62 249 62
281 62 249 125
281 62 312 125
249 125 312 125
281 62 265 93
281 62 296 93
265 93 296 93
296 93 280 125
296 93 312 125
280 125 312 125
265 93 249 125
265 93 280 125
249 125 280 125
218 62 187 125
218 62 249 125
187 125 249 125
218 62 202 93
218 62 233 93
202 93 233 93
233 93 218 125
233 93 249 125
218 125 249 125
202 93 187 125
202 93 218 125
187 125 218 125
312 125 250 250
312 125 375 250
250 250 375 250
312 125 281 187
312 125 343 187
281 187 343 187
312 125 296 156
312 125 327 156
296 156 327 156
327 156 312 187
327 156 343 187
312 187 343 187
296 156 281 187
296 156 312 187
281 187 312 187
343 187 312 250
343 187 375 250
312 250 375 250
343 187 327 218
343 187 359 218
327 218 359 218
359 218 343 250
359 218 375 250
343 250 375 250
327 218 312 250
327 218 343 250
312 250 343 250
281 187 250 250
281 187 312 250
250 250 312 250
281 187 265 218
281 187 296 218
265 218 296 218
296 218 281 250
296 218 312 250
281 250 312 250
265 218 250 250
265 218 281 250
250 250 281 250
187 125 125 250
187 125 250 250
125 250 250 250
187 125 156 187
187 125 218 187
156 187 218 187
187 125 171 156
187 125 202 156
171 156 202 156
202 156 187 187
202 156 218 187
187 187 218 187
171 156 156 187
171 156 187 187
156 187 187 187
218 187 187 250
218 187 250 250
187 250 250 250
218 187 202 218
218 187 234 218
202 218 234 218
234 218 218 250
234 218 250 250
218 250 250 250
202 218 187 250
202 218 218 250
187 250 218 250
156 187 125 250
156 187 187 250
125 250 187 250
156 187 140 218
156 187 171 218
140 218 171 218
171 218 156 250
171 218 187 250
156 250 187 250
140 218 125 250
140 218 156 250
125 250 156 250
375 250 250 500
375 250 500 500
250 500 500 500
375 250 312 375
375 250 437 375
312 375 437 375
375 250 343 312
375 250 406 312
343 312 406 312
375 250 359 281
375 250 390 281
359 281 390 281
390 281 374 312
390 281 406 312
374 312 406 312
359 281 343 312
359 281 374 312
343 312 374 312
406 312 374 375
406 312 437 375
374 375 437 375
406 312 390 343
406 312 421 343
390 343 421 343
421 343 405 375
421 343 437 375
405 375 437 375
390 343 374 375
390 343 405 375
374 375 405 375
343 312 312 375
343 312 374 375
312 375 374 375
343 312 327 343
343 312 358 343
327 343 358 343
358 343 343 375
358 343 374 375
343 375 374 375
327 343 312 375
327 343 343 375
312 375 343 375
437 375 375 500
437 375 500 500
375 500 500 500
437 375 406 437
437 375 468 437
406 437 468 437
437 375 421 406
437 375 452 406
421 406 452 406
452 406 437 437
452 406 468 437
437 437 468 437
421 406 406 437
421 406 437 437
406 437 437 437
468 437 437 500
468 437 500 500
437 500 500 500
468 437 452 468
468 437 484 468
452 468 484 468
484 468 468 500
484 468 500 500
468 500 500 500
452 468 437 500
452 468 468 500
437 500 468 500
406 437 375 500
406 437 437 500
375 500 437 500
406 437 390 468
406 437 421 468
390 468 421 468
421 468 406 500
421 468 437 500
406 500 437 500
390 468 375 500
390 468 406 500
375 500 406 500
312 375 250 500
312 375 375 500
250 500 375 500
312 375 281 437
312 375 343 437
281 437 343 437
312 375 296 406
312 375 327 406
296 406 327 406
327 406 312 437
327 406 343 437
312 437 343 437
296 406 281 437
296 406 312 437
281 437 312 437
343 437 312 500
343 437 375 500
312 500 375 500
343 437 327 468
343 437 359 468
327 468 359 468
359 468 343 500
359 468 375 500
343 500 375 500
327 468 312 500
327 468 343 500
312 500 343 500
281 437 250 500
281 437 312 500
250 500 312 500
281 437 265 468
281 437 296 468
265 468 296 468
296 468 281 500
296 468 312 500
281 500 312 500
265 468 250 500
265 468 281 500
250 500 281 500
125 250 0 500
125 250 250 500
0 500 250 500
125 250 62 375
125 250 187 375
62 375 187 375
125 250 93 312
125 250 156 312
93 312 156 312
125 250 109 281
125 250 140 281
109 281 140 281
140 281 124 312
140 281 156 312
124 312 156 312
109 281 93 312
109 281 124 312
93 312 124 312
156 312 124 375
156 312 187 375
124 375 187 375
156 312 140 343
156 312 171 343
140 343 171 343
171 343 155 375
171 343 187 375
155 375 187 375
140 343 124 375
140 343 155 375
124 375 155 375
93 312 62 375
93 312 124 375
62 375 124 375
93 312 77 343
93 312 108 343
77 343 108 343
108 343 93 375
108 343 124 375
93 375 124 375
77 343 62 375
77 343 93 375
62 375 93 375
187 375 125 500
187 375 250 500
125 500 250 500
187 375 156 437
187 375 218 437
156 437 218 437
187 375 171 406
187 375 202 406
171 406 202 406
202 406 187 437
202 406 218 437
187 437 218 437
171 406 156 437
171 406 187 437
156 437 187 437
218 437 187 500
218 437 250 500
187 500 250 500
218 437 202 468
218 437 234 468
202 468 234 468
234 468 218 500
234 468 250 500
218 500 250 500
202 468 187 500
202 468 218 500
187 500 218 500
156 437 125 500
156 437 187 500
125 500 187 500
156 437 140 468
156 437 171 468
140 468 171 468
171 468 156 500
171 468 187 500
156 500 187 500
140 468 125 500
140 468 156 500
125 500 156 500
62 375 0 500
62 375 125 500
0 500 125 500
62 375 31 437
62 375 93 437
31 437 93 437
62 375 46 406
62 375 77 406
46 406 77 406
77 406 62 437
77 406 93 437
62 437 93 437
46 406 31 437
46 406 62 437
31 437 62 437
93 437 62 500
93 437 125 500
62 500 125 500
93 437 77 468
93 437 109 468
77 468 109 468
109 468 93 500
109 468 125 500
93 500 125 500
77 468 62 500
77 468 93 500
62 500 93 500
31 437 0 500
31 437 62 500
0 500 62 500
31 437 15 468
31 437 46 468
15 468 46 468
46 468 31 500
46 468 62 500
31 500 62 500
15 468 0 500
15 468 31 500
0 500 31 500
