500 500 492 484 5 
484 500 492 484 5 
484 500 500 500 5 
492 484 484 468 5 
476 484 484 468 5 
476 484 492 484 5 
484 500 476 484 5 
468 500 476 484 5 
468 500 484 500 5 
500 500 484 468 4 
468 500 484 468 4 
468 500 500 500 4 
484 468 476 452 5 
468 468 476 452 5 
468 468 484 468 5 
476 452 468 437 5 
460 452 468 437 5 
460 452 476 452 5 
468 468 460 452 5 
452 468 460 452 5 
452 468 468 468 5 
484 468 468 437 4 
452 468 468 437 4 
452 468 484 468 4 
468 500 460 484 5 
452 500 460 484 5 
452 500 468 500 5 
460 484 452 468 5 
444 484 452 468 5 
444 484 460 484 5 
452 500 444 484 5 
437 500 444 484 5 
437 500 452 500 5 
468 500 452 468 4 
437 500 452 468 4 
437 500 468 500 4 
500 500 468 437 3 
437 500 468 437 3 
437 500 500 500 3 
468 437 460 421 5 
452 437 460 421 5 
452 437 468 437 5 
460 421 452 406 5 
444 421 452 406 5 
444 421 460 421 5 
452 437 444 421 5 
437 437 444 421 5 
437 437 452 437 5 
468 437 452 406 4 
437 437 452 406 4 
437 437 468 437 4 
452 406 444 390 5 
436 406 444 390 5 
436 406 452 406 5 
444 390 437 375 5 
429 390 437 375 5 
429 390 444 390 5 
436 406 429 390 5 
421 406 429 390 5 
421 406 436 406 5 
452 406 437 375 4 
421 406 437 375 4 
421 406 452 406 4 
437 437 429 421 5 
421 437 429 421 5 
421 437 437 437 5 
429 421 421 406 5 
413 421 421 406 5 
413 421 429 421 5 
421 437 413 421 5 
406 437 413 421 5 
406 437 421 437 5 
437 437 421 406 4 
406 437 421 406 4 
406 437 437 437 4 
468 437 437 375 3 
406 437 437 375 3 
406 437 468 437 3 
437 500 429 484 5 
421 500 429 484 5 
421 500 437 500 5 
429 484 421 468 5 
413 484 421 468 5 
413 484 429 484 5 
421 500 413 484 5 
406 500 413 484 5 
406 500 421 500 5 
437 500 421 468 4 
406 500 421 468 4 
406 500 437 500 4 
421 468 413 452 5 
405 468 413 452 5 
405 468 421 468 5 
413 452 406 437 5 
398 452 406 437 5 
398 452 413 452 5 
405 468 398 452 5 
390 468 398 452 5 
390 468 405 468 5 
421 468 406 437 4 
390 468 406 437 4 
390 468 421 468 4 
406 500 398 484 5 
390 500 398 484 5 
390 500 406 500 5 
398 484 390 468 5 
382 484 390 468 5 
382 484 398 484 5 
390 500 382 484 5 
375 500 382 484 5 
375 500 390 500 5 
406 500 390 468 4 
375 500 390 468 4 
375 500 406 500 4 
437 500 406 437 3 
375 500 406 437 3 
375 500 437 500 3 
500 500 437 375 2 
375 500 437 375 2 
375 500 500 500 2 
437 375 429 359 5 
421 375 429 359 5 
421 375 437 375 5 
429 359 421 343 5 
413 359 421 343 5 
413 359 429 359 5 
421 375 413 359 5 
405 375 413 359 5 
405 375 421 375 5 
437 375 421 343 4 
405 375 421 343 4 
405 375 437 375 4 
421 343 413 327 5 
405 343 413 327 5 
405 343 421 343 5 
413 327 406 312 5 
398 327 406 312 5 
398 327 413 327 5 
405 343 398 327 5 
390 343 398 327 5 
390 343 405 343 5 
421 343 406 312 4 
390 343 406 312 4 
390 343 421 343 4 
405 375 397 359 5 
389 375 397 359 5 
389 375 405 375 5 
397 359 390 343 5 
382 359 390 343 5 
382 359 397 359 5 
389 375 382 359 5 
374 375 382 359 5 
374 375 389 375 5 
405 375 390 343 4 
374 375 390 343 4 
374 375 405 375 4 
437 375 406 312 3 
374 375 406 312 3 
374 375 437 375 3 
406 312 398 296 5 
390 312 398 296 5 
390 312 406 312 5 
398 296 390 281 5 
382 296 390 281 5 
382 296 398 296 5 
390 312 382 296 5 
374 312 382 296 5 
374 312 390 312 5 
406 312 390 281 4 
374 312 390 281 4 
374 312 406 312 4 
390 281 382 265 5 
374 281 382 265 5 
374 281 390 281 5 
382 265 375 250 5 
367 265 375 250 5 
367 265 382 265 5 
374 281 367 265 5 
359 281 367 265 5 
359 281 374 281 5 
390 281 375 250 4 
359 281 375 250 4 
359 281 390 281 4 
374 312 366 296 5 
358 312 366 296 5 
358 312 374 312 5 
366 296 359 281 5 
351 296 359 281 5 
351 296 366 296 5 
358 312 351 296 5 
343 312 351 296 5 
343 312 358 312 5 
374 312 359 281 4 
343 312 359 281 4 
343 312 374 312 4 
406 312 375 250 3 
343 312 375 250 3 
343 312 406 312 3 
374 375 366 359 5 
358 375 366 359 5 
358 375 374 375 5 
366 359 358 343 5 
350 359 358 343 5 
350 359 366 359 5 
358 375 350 359 5 
343 375 350 359 5 
343 375 358 375 5 
374 375 358 343 4 
343 375 358 343 4 
343 375 374 375 4 
358 343 350 327 5 
342 343 350 327 5 
342 343 358 343 5 
350 327 343 312 5 
335 327 343 312 5 
335 327 350 327 5 
342 343 335 327 5 
327 343 335 327 5 
327 343 342 343 5 
358 343 343 312 4 
327 343 343 312 4 
327 343 358 343 4 
343 375 335 359 5 
327 375 335 359 5 
327 375 343 375 5 
335 359 327 343 5 
319 359 327 343 5 
319 359 335 359 5 
327 375 319 359 5 
312 375 319 359 5 
312 375 327 375 5 
343 375 327 343 4 
312 375 327 343 4 
312 375 343 375 4 
374 375 343 312 3 
312 375 343 312 3 
312 375 374 375 3 
437 375 375 250 2 
312 375 375 250 2 
312 375 437 375 2 
375 500 367 484 5 
359 500 367 484 5 
359 500 375 500 5 
367 484 359 468 5 
351 484 359 468 5 
351 484 367 484 5 
359 500 351 484 5 
343 500 351 484 5 
343 500 359 500 5 
375 500 359 468 4 
343 500 359 468 4 
343 500 375 500 4 
359 468 351 452 5 
343 468 351 452 5 
343 468 359 468 5 
351 452 343 437 5 
335 452 343 437 5 
335 452 351 452 5 
343 468 335 452 5 
327 468 335 452 5 
327 468 343 468 5 
359 468 343 437 4 
327 468 343 437 4 
327 468 359 468 4 
343 500 335 484 5 
327 500 335 484 5 
327 500 343 500 5 
335 484 327 468 5 
319 484 327 468 5 
319 484 335 484 5 
327 500 319 484 5 
312 500 319 484 5 
312 500 327 500 5 
343 500 327 468 4 
312 500 327 468 4 
312 500 343 500 4 
375 500 343 437 3 
312 500 343 437 3 
312 500 375 500 3 
343 437 335 421 5 
327 437 335 421 5 
327 437 343 437 5 
335 421 327 406 5 
319 421 327 406 5 
319 421 335 421 5 
327 437 319 421 5 
312 437 319 421 5 
312 437 327 437 5 
343 437 327 406 4 
312 437 327 406 4 
312 437 343 437 4 
327 406 319 390 5 
311 406 319 390 5 
311 406 327 406 5 
319 390 312 375 5 
304 390 312 375 5 
304 390 319 390 5 
311 406 304 390 5 
296 406 304 390 5 
296 406 311 406 5 
327 406 312 375 4 
296 406 312 375 4 
296 406 327 406 4 
312 437 304 421 5 
296 437 304 421 5 
296 437 312 437 5 
304 421 296 406 5 
288 421 296 406 5 
288 421 304 421 5 
296 437 288 421 5 
281 437 288 421 5 
281 437 296 437 5 
312 437 296 406 4 
281 437 296 406 4 
281 437 312 437 4 
343 437 312 375 3 
281 437 312 375 3 
281 437 343 437 3 
312 500 304 484 5 
296 500 304 484 5 
296 500 312 500 5 
304 484 296 468 5 
288 484 296 468 5 
288 484 304 484 5 
296 500 288 484 5 
281 500 288 484 5 
281 500 296 500 5 
312 500 296 468 4 
281 500 296 468 4 
281 500 312 500 4 
296 468 288 452 5 
280 468 288 452 5 
280 468 296 468 5 
288 452 281 437 5 
273 452 281 437 5 
273 452 288 452 5 
280 468 273 452 5 
265 468 273 452 5 
265 468 280 468 5 
296 468 281 437 4 
265 468 281 437 4 
265 468 296 468 4 
281 500 273 484 5 
265 500 273 484 5 
265 500 281 500 5 
273 484 265 468 5 
257 484 265 468 5 
257 484 273 484 5 
265 500 257 484 5 
250 500 257 484 5 
250 500 265 500 5 
281 500 265 468 4 
250 500 265 468 4 
250 500 281 500 4 
312 500 281 437 3 
250 500 281 437 3 
250 500 312 500 3 
375 500 312 375 2 
250 500 312 375 2 
250 500 375 500 2 
500 500 375 250 1 
250 500 375 250 1 
250 500 500 500 1 
375 250 367 234 5 
359 250 367 234 5 
359 250 375 250 5 
367 234 359 218 5 
351 234 359 218 5 
351 234 367 234 5 
359 250 351 234 5 
343 250 351 234 5 
343 250 359 250 5 
375 250 359 218 4 
343 250 359 218 4 
343 250 375 250 4 
359 218 351 202 5 
343 218 351 202 5 
343 218 359 218 5 
351 202 343 187 5 
335 202 343 187 5 
335 202 351 202 5 
343 218 335 202 5 
327 218 335 202 5 
327 218 343 218 5 
359 218 343 187 4 
327 218 343 187 4 
327 218 359 218 4 
343 250 335 234 5 
327 250 335 234 5 
327 250 343 250 5 
335 234 327 218 5 
319 234 327 218 5 
319 234 335 234 5 
327 250 319 234 5 
312 250 319 234 5 
312 250 327 250 5 
343 250 327 218 4 
312 250 327 218 4 
312 250 343 250 4 
375 250 343 187 3 
312 250 343 187 3 
312 250 375 250 3 
343 187 335 171 5 
327 187 335 171 5 
327 187 343 187 5 
335 171 327 156 5 
319 171 327 156 5 
319 171 335 171 5 
327 187 319 171 5 
312 187 319 171 5 
312 187 327 187 5 
343 187 327 156 4 
312 187 327 156 4 
312 187 343 187 4 
327 156 319 140 5 
311 156 319 140 5 
311 156 327 156 5 
319 140 312 125 5 
304 140 312 125 5 
304 140 319 140 5 
311 156 304 140 5 
296 156 304 140 5 
296 156 311 156 5 
327 156 312 125 4 
296 156 312 125 4 
296 156 327 156 4 
312 187 304 171 5 
296 187 304 171 5 
296 187 312 187 5 
304 171 296 156 5 
288 171 296 156 5 
288 171 304 171 5 
296 187 288 171 5 
281 187 288 171 5 
281 187 296 187 5 
312 187 296 156 4 
281 187 296 156 4 
281 187 312 187 4 
343 187 312 125 3 
281 187 312 125 3 
281 187 343 187 3 
312 250 304 234 5 
296 250 304 234 5 
296 250 312 250 5 
304 234 296 218 5 
288 234 296 218 5 
288 234 304 234 5 
296 250 288 234 5 
281 250 288 234 5 
281 250 296 250 5 
312 250 296 218 4 
281 250 296 218 4 
281 250 312 250 4 
296 218 288 202 5 
280 218 288 202 5 
280 218 296 218 5 
288 202 281 187 5 
273 202 281 187 5 
273 202 288 202 5 
280 218 273 202 5 
265 218 273 202 5 
265 218 280 218 5 
296 218 281 187 4 
265 218 281 187 4 
265 218 296 218 4 
281 250 273 234 5 
265 250 273 234 5 
265 250 281 250 5 
273 234 265 218 5 
257 234 265 218 5 
257 234 273 234 5 
265 250 257 234 5 
250 250 257 234 5 
250 250 265 250 5 
281 250 265 218 4 
250 250 265 218 4 
250 250 281 250 4 
312 250 281 187 3 
250 250 281 187 3 
250 250 312 250 3 
375 250 312 125 2 
250 250 312 125 2 
250 250 375 250 2 
312 125 304 109 5 
296 125 304 109 5 
296 125 312 125 5 
304 109 296 93 5 
288 109 296 93 5 
288 109 304 109 5 
296 125 288 109 5 
280 125 288 109 5 
280 125 296 125 5 
312 125 296 93 4 
280 125 296 93 4 
280 125 312 125 4 
296 93 288 77 5 
280 93 288 77 5 
280 93 296 93 5 
288 77 281 62 5 
273 77 281 62 5 
273 77 288 77 5 
280 93 273 77 5 
265 93 273 77 5 
265 93 280 93 5 
296 93 281 62 4 
265 93 281 62 4 
265 93 296 93 4 
280 125 272 109 5 
264 125 272 109 5 
264 125 280 125 5 
272 109 265 93 5 
257 109 265 93 5 
257 109 272 109 5 
264 125 257 109 5 
249 125 257 109 5 
249 125 264 125 5 
280 125 265 93 4 
249 125 265 93 4 
249 125 280 125 4 
312 125 281 62 3 
249 125 281 62 3 
249 125 312 125 3 
281 62 273 46 5 
265 62 273 46 5 
265 62 281 62 5 
273 46 265 31 5 
257 46 265 31 5 
257 46 273 46 5 
265 62 257 46 5 
249 62 257 46 5 
249 62 265 62 5 
281 62 265 31 4 
249 62 265 31 4 
249 62 281 62 4 
265 31 257 15 5 
249 31 257 15 5 
249 31 265 31 5 
257 15 250 0 5 
242 15 250 0 5 
242 15 257 15 5 
249 31 242 15 5 
234 31 242 15 5 
234 31 249 31 5 
265 31 250 0 4 
234 31 250 0 4 
234 31 265 31 4 
249 62 241 46 5 
233 62 241 46 5 
233 62 249 62 5 
241 46 234 31 5 
226 46 234 31 5 
226 46 241 46 5 
233 62 226 46 5 
218 62 226 46 5 
218 62 233 62 5 
249 62 234 31 4 
218 62 234 31 4 
218 62 249 62 4 
281 62 250 0 3 
218 62 250 0 3 
218 62 281 62 3 
249 125 241 109 5 
233 125 241 109 5 
233 125 249 125 5 
241 109 233 93 5 
225 109 233 93 5 
225 109 241 109 5 
233 125 225 109 5 
218 125 225 109 5 
218 125 233 125 5 
249 125 233 93 4 
218 125 233 93 4 
218 125 249 125 4 
233 93 225 77 5 
217 93 225 77 5 
217 93 233 93 5 
225 77 218 62 5 
210 77 218 62 5 
210 77 225 77 5 
217 93 210 77 5 
202 93 210 77 5 
202 93 217 93 5 
233 93 218 62 4 
202 93 218 62 4 
202 93 233 93 4 
218 125 210 109 5 
202 125 210 109 5 
202 125 218 125 5 
210 109 202 93 5 
194 109 202 93 5 
194 109 210 109 5 
202 125 194 109 5 
187 125 194 109 5 
187 125 202 125 5 
218 125 202 93 4 
187 125 202 93 4 
187 125 218 125 4 
249 125 218 62 3 
187 125 218 62 3 
187 125 249 125 3 
312 125 250 0 2 
187 125 250 0 2 
187 125 312 125 2 
250 250 242 234 5 
234 250 242 234 5 
234 250 250 250 5 
242 234 234 218 5 
226 234 234 218 5 
226 234 242 234 5 
234 250 226 234 5 
218 250 226 234 5 
218 250 234 250 5 
250 250 234 218 4 
218 250 234 218 4 
218 250 250 250 4 
234 218 226 202 5 
218 218 226 202 5 
218 218 234 218 5 
226 202 218 187 5 
210 202 218 187 5 
210 202 226 202 5 
218 218 210 202 5 
202 218 210 202 5 
202 218 218 218 5 
234 218 218 187 4 
202 218 218 187 4 
202 218 234 218 4 
218 250 210 234 5 
202 250 210 234 5 
202 250 218 250 5 
210 234 202 218 5 
194 234 202 218 5 
194 234 210 234 5 
202 250 194 234 5 
187 250 194 234 5 
187 250 202 250 5 
218 250 202 218 4 
187 250 202 218 4 
187 250 218 250 4 
250 250 218 187 3 
187 250 218 187 3 
187 250 250 250 3 
218 187 210 171 5 
202 187 210 171 5 
202 187 218 187 5 
210 171 202 156 5 
194 171 202 156 5 
194 171 210 171 5 
202 187 194 171 5 
187 187 194 171 5 
187 187 202 187 5 
218 187 202 156 4 
187 187 202 156 4 
187 187 218 187 4 
202 156 194 140 5 
186 156 194 140 5 
186 156 202 156 5 
194 140 187 125 5 
179 140 187 125 5 
179 140 194 140 5 
186 156 179 140 5 
171 156 179 140 5 
171 156 186 156 5 
202 156 187 125 4 
171 156 187 125 4 
171 156 202 156 4 
187 187 179 171 5 
171 187 179 171 5 
171 187 187 187 5 
179 171 171 156 5 
163 171 171 156 5 
163 171 179 171 5 
171 187 163 171 5 
156 187 163 171 5 
156 187 171 187 5 
187 187 171 156 4 
156 187 171 156 4 
156 187 187 187 4 
218 187 187 125 3 
156 187 187 125 3 
156 187 218 187 3 
187 250 179 234 5 
171 250 179 234 5 
171 250 187 250 5 
179 234 171 218 5 
163 234 171 218 5 
163 234 179 234 5 
171 250 163 234 5 
156 250 163 234 5 
156 250 171 250 5 
187 250 171 218 4 
156 250 171 218 4 
156 250 187 250 4 
171 218 163 202 5 
155 218 163 202 5 
155 218 171 218 5 
163 202 156 187 5 
148 202 156 187 5 
148 202 163 202 5 
155 218 148 202 5 
140 218 148 202 5 
140 218 155 218 5 
171 218 156 187 4 
140 218 156 187 4 
140 218 171 218 4 
156 250 148 234 5 
140 250 148 234 5 
140 250 156 250 5 
148 234 140 218 5 
132 234 140 218 5 
132 234 148 234 5 
140 250 132 234 5 
125 250 132 234 5 
125 250 140 250 5 
156 250 140 218 4 
125 250 140 218 4 
125 250 156 250 4 
187 250 156 187 3 
125 250 156 187 3 
125 250 187 250 3 
250 250 187 125 2 
125 250 187 125 2 
125 250 250 250 2 
375 250 250 0 1 
125 250 250 0 1 
125 250 375 250 1 
250 500 242 484 5 
234 500 242 484 5 
234 500 250 500 5 
242 484 234 468 5 
226 484 234 468 5 
226 484 242 484 5 
234 500 226 484 5 
218 500 226 484 5 
218 500 234 500 5 
250 500 234 468 4 
218 500 234 468 4 
218 500 250 500 4 
234 468 226 452 5 
218 468 226 452 5 
218 468 234 468 5 
226 452 218 437 5 
210 452 218 437 5 
210 452 226 452 5 
218 468 210 452 5 
202 468 210 452 5 
202 468 218 468 5 
234 468 218 437 4 
202 468 218 437 4 
202 468 234 468 4 
218 500 210 484 5 
202 500 210 484 5 
202 500 218 500 5 
210 484 202 468 5 
194 484 202 468 5 
194 484 210 484 5 
202 500 194 484 5 
187 500 194 484 5 
187 500 202 500 5 
218 500 202 468 4 
187 500 202 468 4 
187 500 218 500 4 
250 500 218 437 3 
187 500 218 437 3 
187 500 250 500 3 
218 437 210 421 5 
202 437 210 421 5 
202 437 218 437 5 
210 421 202 406 5 
194 421 202 406 5 
194 421 210 421 5 
202 437 194 421 5 
187 437 194 421 5 
187 437 202 437 5 
218 437 202 406 4 
187 437 202 406 4 
187 437 218 437 4 
202 406 194 390 5 
186 406 194 390 5 
186 406 202 406 5 
194 390 187 375 5 
179 390 187 375 5 
179 390 194 390 5 
186 406 179 390 5 
171 406 179 390 5 
171 406 186 406 5 
202 406 187 375 4 
171 406 187 375 4 
171 406 202 406 4 
187 437 179 421 5 
171 437 179 421 5 
171 437 187 437 5 
179 421 171 406 5 
163 421 171 406 5 
163 421 179 421 5 
171 437 163 421 5 
156 437 163 421 5 
156 437 171 437 5 
187 437 171 406 4 
156 437 171 406 4 
156 437 187 437 4 
218 437 187 375 3 
156 437 187 375 3 
156 437 218 437 3 
187 500 179 484 5 
171 500 179 484 5 
171 500 187 500 5 
179 484 171 468 5 
163 484 171 468 5 
163 484 179 484 5 
171 500 163 484 5 
156 500 163 484 5 
156 500 171 500 5 
187 500 171 468 4 
156 500 171 468 4 
156 500 187 500 4 
171 468 163 452 5 
155 468 163 452 5 
155 468 171 468 5 
163 452 156 437 5 
148 452 156 437 5 
148 452 163 452 5 
155 468 148 452 5 
140 468 148 452 5 
140 468 155 468 5 
171 468 156 437 4 
140 468 156 437 4 
140 468 171 468 4 
156 500 148 484 5 
140 500 148 484 5 
140 500 156 500 5 
148 484 140 468 5 
132 484 140 468 5 
132 484 148 484 5 
140 500 132 484 5 
125 500 132 484 5 
125 500 140 500 5 
156 500 140 468 4 
125 500 140 468 4 
125 500 156 500 4 
187 500 156 437 3 
125 500 156 437 3 
125 500 187 500 3 
250 500 187 375 2 
125 500 187 375 2 
125 500 250 500 2 
187 375 179 359 5 
171 375 179 359 5 
171 375 187 375 5 
179 359 171 343 5 
163 359 171 343 5 
163 359 179 359 5 
171 375 163 359 5 
155 375 163 359 5 
155 375 171 375 5 
187 375 171 343 4 
155 375 171 343 4 
155 375 187 375 4 
171 343 163 327 5 
155 343 163 327 5 
155 343 171 343 5 
163 327 156 312 5 
148 327 156 312 5 
148 327 163 327 5 
155 343 148 327 5 
140 343 148 327 5 
140 343 155 343 5 
171 343 156 312 4 
140 343 156 312 4 
140 343 171 343 4 
155 375 147 359 5 
139 375 147 359 5 
139 375 155 375 5 
147 359 140 343 5 
132 359 140 343 5 
132 359 147 359 5 
139 375 132 359 5 
124 375 132 359 5 
124 375 139 375 5 
155 375 140 343 4 
124 375 140 343 4 
124 375 155 375 4 
187 375 156 312 3 
124 375 156 312 3 
124 375 187 375 3 
156 312 148 296 5 
140 312 148 296 5 
140 312 156 312 5 
148 296 140 281 5 
132 296 140 281 5 
132 296 148 296 5 
140 312 132 296 5 
124 312 132 296 5 
124 312 140 312 5 
156 312 140 281 4 
124 312 140 281 4 
124 312 156 312 4 
140 281 132 265 5 
124 281 132 265 5 
124 281 140 281 5 
132 265 125 250 5 
117 265 125 250 5 
117 265 132 265 5 
124 281 117 265 5 
109 281 117 265 5 
109 281 124 281 5 
140 281 125 250 4 
109 281 125 250 4 
109 281 140 281 4 
124 312 116 296 5 
108 312 116 296 5 
108 312 124 312 5 
116 296 109 281 5 
101 296 109 281 5 
101 296 116 296 5 
108 312 101 296 5 
93 312 101 296 5 
93 312 108 312 5 
124 312 109 281 4 
93 312 109 281 4 
93 312 124 312 4 
156 312 125 250 3 
93 312 125 250 3 
93 312 156 312 3 
124 375 116 359 5 
108 375 116 359 5 
108 375 124 375 5 
116 359 108 343 5 
100 359 108 343 5 
100 359 116 359 5 
108 375 100 359 5 
93 375 100 359 5 
93 375 108 375 5 
124 375 108 343 4 
93 375 108 343 4 
93 375 124 375 4 
108 343 100 327 5 
92 343 100 327 5 
92 343 108 343 5 
100 327 93 312 5 
85 327 93 312 5 
85 327 100 327 5 
92 343 85 327 5 
77 343 85 327 5 
77 343 92 343 5 
108 343 93 312 4 
77 343 93 312 4 
77 343 108 343 4 
93 375 85 359 5 
77 375 85 359 5 
77 375 93 375 5 
85 359 77 343 5 
69 359 77 343 5 
69 359 85 359 5 
77 375 69 359 5 
62 375 69 359 5 
62 375 77 375 5 
93 375 77 343 4 
62 375 77 343 4 
62 375 93 375 4 
124 375 93 312 3 
62 375 93 312 3 
62 375 124 375 3 
187 375 125 250 2 
62 375 125 250 2 
62 375 187 375 2 
125 500 117 484 5 
109 500 117 484 5 
109 500 125 500 5 
117 484 109 468 5 
101 484 109 468 5 
101 484 117 484 5 
109 500 101 484 5 
93 500 101 484 5 
93 500 109 500 5 
125 500 109 468 4 
93 500 109 468 4 
93 500 125 500 4 
109 468 101 452 5 
93 468 101 452 5 
93 468 109 468 5 
101 452 93 437 5 
85 452 93 437 5 
85 452 101 452 5 
93 468 85 452 5 
77 468 85 452 5 
77 468 93 468 5 
109 468 93 437 4 
77 468 93 437 4 
77 468 109 468 4 
93 500 85 484 5 
77 500 85 484 5 
77 500 93 500 5 
85 484 77 468 5 
69 484 77 468 5 
69 484 85 484 5 
77 500 69 484 5 
62 500 69 484 5 
62 500 77 500 5 
93 500 77 468 4 
62 500 77 468 4 
62 500 93 500 4 
125 500 93 437 3 
62 500 93 437 3 
62 500 125 500 3 
93 437 85 421 5 
77 437 85 421 5 
77 437 93 437 5 
85 421 77 406 5 
69 421 77 406 5 
69 421 85 421 5 
77 437 69 421 5 
62 437 69 421 5 
62 437 77 437 5 
93 437 77 406 4 
62 437 77 406 4 
62 437 93 437 4 
77 406 69 390 5 
61 406 69 390 5 
61 406 77 406 5 
69 390 62 375 5 
54 390 62 375 5 
54 390 69 390 5 
61 406 54 390 5 
46 406 54 390 5 
46 406 61 406 5 
77 406 62 375 4 
46 406 62 375 4 
46 406 77 406 4 
62 437 54 421 5 
46 437 54 421 5 
46 437 62 437 5 
54 421 46 406 5 
38 421 46 406 5 
38 421 54 421 5 
46 437 38 421 5 
31 437 38 421 5 
31 437 46 437 5 
62 437 46 406 4 
31 437 46 406 4 
31 437 62 437 4 
93 437 62 375 3 
31 437 62 375 3 
31 437 93 437 3 
62 500 54 484 5 
46 500 54 484 5 
46 500 62 500 5 
54 484 46 468 5 
38 484 46 468 5 
38 484 54 484 5 
46 500 38 484 5 
31 500 38 484 5 
31 500 46 500 5 
62 500 46 468 4 
31 500 46 468 4 
31 500 62 500 4 
46 468 38 452 5 
30 468 38 452 5 
30 468 46 468 5 
38 452 31 437 5 
23 452 31 437 5 
23 452 38 452 5 
30 468 23 452 5 
15 468 23 452 5 
15 468 30 468 5 
46 468 31 437 4 
15 468 31 437 4 
15 468 46 468 4 
31 500 23 484 5 
15 500 23 484 5 
15 500 31 500 5 
23 484 15 468 5 
7 484 15 468 5 
7 484 23 484 5 
15 500 7 484 5 
0 500 7 484 5 
0 500 15 500 5 
31 500 15 468 4 
0 500 15 468 4 
0 500 31 500 4 
62 500 31 437 3 
0 500 31 437 3 
0 500 62 500 3 
125 500 62 375 2 
0 500 62 375 2 
0 500 125 500 2 
250 500 125 250 1 
0 500 125 250 1 
0 500 250 500 1 
500 500 250 0 0 
0 500 250 0 0 
0 500 500 500 0 
